000000000001000465
000000000001000465
000000000001000465
000000000001000465
000000000001000465
000000000001000465
000000000001000465
000000000001000465
000000000001000465
000000000001000465
000000000001000465
000000000001000465
000000000001000072
000000000001000072
000000000001000072
000000000001000072
000000000001000072
000000000001000072
000000000001000077
000000000001000077
000000000001000077
000000000001000077
000000000001000077
000000000001000256
000000000001000256
000000000001000256
000000000001000080
000000000001000080
000000000001000165
000000000001000165
000000000001000259
000000000001000259
000000000001000296
000000000001000296
000000000002001967
000000000002001967
000000000001012757
000000000001012757
999999999999999999
999999999999999999
999999999999999999
999999999999999999
999999999999999999
999999999999999999
999999999999999999
999999999999999999
999999999999999999
999999999999999999
999999999999999999
999999999999999999
999999999999999999
999999999999999999
999999999999999999
999999999999999999
999999999999999999
999999999999999999
999999999999999999
999999999999999999
999999999999999999
999999999999999999
999999999999999999
999999999999999999
999999999999999999
999999999999999999
999999999999999999
999999999999999999
999999999999999999
999999999999999999
999999999999999999
999999999999999999
999999999999999999
999999999999999999
999999999999999999
999999999999999999
999999999999999999
999999999999999999
999999999999999999
999999999999999999
999999999999999999
999999999999999999
999999999999999999
999999999999999999
999999999999999999
999999999999999999
999999999999999999
999999999999999999
999999999999999999
999999999999999999